c2bb6432-8b47-4279-a3db-56c8e88eaed1	0	2	230313692	0	2	230315434	60	60
c2bb6432-8b47-4279-a3db-56c8e88eaed1	0	2	230316315	16	2	198511913	60	60
46437281-eeda-4093-bcd0-6531ec6c1e8b	0	15	28346393	16	15	28342994	60	60
68a269d8-9ec6-4107-a883-a718731dbca3	0	13	109542072	16	13	109540983	60	60
24e20aef-edd0-483b-a15b-8358f4eb38d9	16	2	59127924	16	2	59129533	60	60
d4910c3b-0d4c-4fec-83f6-5c6c7fc0266e	0	2	106457534	16	2	157094267	60	60
a96e79a6-7192-4ff9-a2d3-5fdef681e6e7	16	1	51873351	16	1	51877646	60	60
b2a20830-68ca-4733-9639-c514e927edff	0	1	56652323	16	1	68654976	60	60
b2a20830-68ca-4733-9639-c514e927edff	0	1	56652428	16	7	48035525	60	60
dc229256-1c3e-483a-a77b-1b751ec4081a	0	8	95279835	16	8	95288862	60	60
83472a01-8812-4dfd-8abb-97b8a69f3907	0	16	80900224	16	16	80904461	60	60
4f4434cc-7ffe-4818-84ac-3c0d8ceaa0b3	0	18	47617553	16	18	47527037	53	53
4f4434cc-7ffe-4818-84ac-3c0d8ceaa0b3	0	18	47618851	16	18	47663765	60	34
4f17c823-0d33-414f-8c79-055043965187	16	17	8093525	16	17	8099374	60	60
bd26aadd-5613-4ee2-ab39-5abdd9c287e0	0	12	40288672	0	12	40300852	60	60
917937ff-5ad3-45cc-957f-d3fd4a6af2f0	16	6	100959815	16	6	127973072	60	60
917937ff-5ad3-45cc-957f-d3fd4a6af2f0	16	6	100958878	16	6	100959966	60	60
917937ff-5ad3-45cc-957f-d3fd4a6af2f0	16	6	100958976	16	6	129828457	27	60
917937ff-5ad3-45cc-957f-d3fd4a6af2f0	0	6	100959005	16	6	129828631	60	60
aea3ff14-0e94-49f3-89c0-8e1ccbfbf29c	16	2	92315101	16	16	18085492	60	60
650b9c1a-f875-4b22-85b3-3c50a5346afb	16	4	182542647	0	22	41054236	60	60
650b9c1a-f875-4b22-85b3-3c50a5346afb	0	22	41054764	0	22	41057741	60	60
8fc91616-419f-4e13-b213-79ee01ed3f00	16	16	16037895	16	16	16121823	60	60
02e0372d-373b-4ead-b3f5-4dbfa5829dd5	16	6	64211644	16	6	64295219	60	60
02e0372d-373b-4ead-b3f5-4dbfa5829dd5	0	6	70659832	16	6	64295924	60	60
9f1055b8-2803-44ec-be7e-9a42a299bc5f	0	7	77301716	16	7	77383070	60	60
b5a8747f-ac01-429c-9b75-574c46b9777f	0	11	99862082	0	11	99863019	60	60
b5a8747f-ac01-429c-9b75-574c46b9777f	0	11	99862441	16	11	82595373	60	60
b5a8747f-ac01-429c-9b75-574c46b9777f	16	11	82593019	16	11	82595628	60	60
4ef3c11c-5d6d-4cda-b042-9e3c4c57a9aa	0	22	33445707	16	22	33294645	60	60
dc73dd25-04a2-4b8d-a871-0b9b8f735d06	0	7	101536447	16	7	101536423	60	60
4bad94e1-5bb1-44ed-8cde-8915efe3cb11	0	2	111128097	16	18	8219051	60	60
4bad94e1-5bb1-44ed-8cde-8915efe3cb11	0	2	111128255	0	7	93057728	0	60
48bfb9ab-f5a0-4436-8d39-333fe932577d	16	11	124371761	16	11	124374828	60	60
48bfb9ab-f5a0-4436-8d39-333fe932577d	16	11	124145917	16	11	124375182	60	60
6af526fa-2fec-4c93-ad24-d20f46b070c8	0	11	31362750	16	11	27200165	60	60
24332d28-93d3-433b-ba7d-4b4ae98586bc	0	2	161656551	16	15	64751146	2	60
24332d28-93d3-433b-ba7d-4b4ae98586bc	16	10	42391127	16	15	64752116	60	60
98319cda-629e-4617-a5ed-a19f661ec091	0	3	13904305	16	3	13904305	60	60
623a2070-0851-455b-88ef-796b48dbe83d	16	2	50083393	16	2	50343161	60	60
623a2070-0851-455b-88ef-796b48dbe83d	0	2	50340064	16	2	50083547	60	60
38ac7781-e471-4156-b024-eade1ec4f2da	16	1	883639	16	9	34575034	60	60
5bb83434-bf2f-4753-bae4-9e660100e980	0	4	145146875	16	12	27996396	60	60
5e8ded42-6579-4b20-b569-054d9779bced	0	2	235987393	0	16	48381369	60	60
5e8ded42-6579-4b20-b569-054d9779bced	0	16	48381575	0	16	50365201	60	60
5e8ded42-6579-4b20-b569-054d9779bced	0	16	48377066	0	16	50366435	60	60
5e8ded42-6579-4b20-b569-054d9779bced	0	16	48377227	16	16	48551927	60	60
f3785b48-371c-4e38-9347-9ed61a0be68d	0	4	10152317	16	4	10151528	60	60
f3785b48-371c-4e38-9347-9ed61a0be68d	0	4	10166624	16	4	10152063	60	60
f3785b48-371c-4e38-9347-9ed61a0be68d	0	4	10134611	0	4	10166851	60	60
4c4992b0-37f4-4d6e-b68a-144392149c68	0	1	121484879	0	11	42914335	60	60
209af9cb-cdc5-42a6-8c5c-35716c383699	0	20	15561343	16	20	15560301	60	60
345938fc-5c30-4231-b0bc-4e6b2563548f	16	2	187927033	0	3	9690032	15	15
345938fc-5c30-4231-b0bc-4e6b2563548f	16	2	187927181	0	11	73319328	60	60
378e824a-d227-4afa-815d-d8f8ce56a39f	0	7	15173325	16	7	15738062	60	60
4914170f-a895-4fe0-8031-58c98620855d	0	13	21490392	0	13	21774805	60	60
eed0c954-c79f-4bb2-980d-6c93bd04b1c4	0	11	17914052	16	GL000226.1	7152	60	0
535bbd16-4c52-4a9d-9a73-0c1f26281f18	0	8	22338396	0	9	69380149	48	48
535bbd16-4c52-4a9d-9a73-0c1f26281f18	0	3	177570746	0	8	22338561	60	60
96196e46-658e-4337-a0cc-954e58b14860	0	11	107007053	16	11	106937311	60	60
96196e46-658e-4337-a0cc-954e58b14860	0	11	107001774	16	11	106937684	60	60
8eacd719-be63-42f8-97a2-dcbdceb24baf	16	12	65538915	16	X	23613018	60	60
8a286b87-c31e-437b-af42-4bcaaec6f803	0	8	78857362	0	8	78861068	60	60
9aaec8cf-4848-4b90-b150-ccf2b35ac5d2	0	9	6440095	16	20	3508539	56	60
a7a23cc0-5b40-4a97-9d9f-62de00d72670	0	2	223428370	16	6	4257443	60	60
ad31fd60-33bf-46d5-8843-dbab57bbf92f	16	7	148717073	16	7	152333318	60	60
